0.0500,
0.0547,
0.0594,
0.0643,
0.0696,
0.0750,
0.0807,
0.0866,
0.0927,
0.0991,
0.1056,
0.1124,
0.1194,
0.1267,
0.1342,
0.1419,
0.1498,
0.1580,
0.1664,
0.1750,
0.1839,
0.1931,
0.2025,
0.2121,
0.2220,
0.2321,
0.2425,
0.2532,
0.2641,
0.2752,
0.2867,
0.2984,
0.3104,
0.3226,
0.3351,
0.3479,
0.3610,
0.3744,
0.3880,
0.4019,
0.4161,
0.4306,
0.4454,
0.4605,
0.4759,
0.4916,
0.5076,
0.5239,
0.5405,
0.5574,
0.5746,
0.5921,
0.6100,
0.6281,
0.6466,
0.6654,
0.6846,
0.7040,
0.7238,
0.7440,
0.7644,
0.7852,
0.8064,
0.8278,
0.8497,
0.8718,
0.8944,
0.9172,
0.9405,
0.9640,
0.9880,
1.0123,
1.0370,
1.0620,
1.0874,
1.1132,
1.1394,
1.1659,
1.1928,
1.2201,
1.2478,
1.2759,
1.3044,
1.3332,
1.3625,
1.3921,
1.4222,
1.4527,
1.4835,
1.5148,
1.5465,
1.5786,
1.6111,
1.6441,
1.6775,
1.7113,
1.7455,
1.7802,
1.8153,
1.8508,
1.8868,
1.9233,
1.9601,
1.9975,
2.0352,
2.0735,
2.1122,
2.1514,
2.1910,
2.2311,
2.2717,
2.3127,
2.3543,
2.3963,
2.4388,
2.4817,
2.5252,
2.5692,
2.6137,
2.6587,
2.7041,
2.7501,
2.7966,
2.8436,
2.8912,
2.9392,
2.9878,
3.0369,
3.0866,
3.1367,
3.1875,
3.2387,
3.2905,
3.3429,
3.3958,
3.4493,
3.5033,
3.5579,
3.6131,
3.6688,
3.7252,
3.7820,
3.8395,
3.8976,
3.9563,
4.0155,
4.0754,
4.1358,
4.1969,
4.2586,
4.3209,
4.3838,
4.4473,
4.5115,
4.5763,
4.6417,
4.7078,
4.7745,
4.8419,
4.9099,
4.9785,
5.0479,
5.1179,
5.1886,
5.2599,
5.3319,
5.4046,
5.4780,
5.5521,
5.6269,
5.7024,
5.7786,
5.8555,
5.9331,
6.0114,
6.0905,
6.1702,
6.2508,
6.3320,
6.4140,
6.4968,
6.5803,
6.6645,
6.7496,
6.8354,
6.9219,
7.0093,
7.0974,
7.1863,
7.2760,
7.3665,
7.4578,
7.5500,
7.6429,
7.7366,
7.8312,
7.9266,
8.0229,
8.1199,
8.2179,
8.3167,
8.4163,
8.5168,
8.6182,
8.7204,
8.8235,
8.9275,
9.0324,
9.1382,
9.2449,
9.3525,
9.4611,
9.5705,
9.6809,
9.7922,
9.9044,
10.0176,
10.1318,
10.2469,
10.3629,
10.4800,
10.5980,
10.7169,
10.8369,
10.9579,
11.0799,
11.2028,
11.3268,
11.4518,
11.5779,
11.7050,
11.8331,
11.9622,
12.0925,
12.2237,
12.3561,
12.4895,
12.6240,
12.7596,
12.8963,
13.0341,
13.1730,
13.3130,
13.4542,
13.5965,
13.7399,
13.8844,
14.0302,
14.1770,
14.3251,
14.4743,
14.6247,
14.7763,
14.9291,
15.0831,
15.2384,
15.3948,
15.5525,
15.7114,
15.8716,
16.0330,
16.1957,
16.3596,
16.5249,
16.6914,
16.8592,
17.0283,
17.1987,
17.3705,
17.5436,
17.7180,
17.8938,
18.0709,
18.2494,
18.4293,
18.6105,
18.7931,
18.9772,
19.1626,
19.3495,
19.5378,
19.7275,
19.9187,
20.1113,
20.3054,
20.5009,
20.6980,
20.8965,
21.0966,
21.2981,
21.5012,
21.7058,
21.9120,
22.1197,
22.3289,
22.5398,
22.7522,
22.9662,
23.1818,
23.3990,
23.6179,
23.8383,
24.0605,
24.2842,
24.5097,
24.7368,
24.9656,
25.1961,
25.4283,
25.6622,
25.8979,
26.1353,
26.3744,
26.6153,
26.8580,
27.1025,
27.3488,
27.5969,
27.8468,
28.0985,
28.3521,
28.6075,
28.8648,
29.1240,
29.3851,
29.6481,
29.9130,
30.1798,
30.4486,
30.7193,
30.9920,
31.2667,
31.5434,
31.8220,
32.1027,
32.3854,
32.6702,
32.9570,
33.2459,
33.5369,
33.8300,
34.1251,
34.4224,
34.7219,
35.0235,
35.3272,
35.6332,
35.9413,
36.2516,
36.5642,
36.8790,
37.1960,
37.5153,
37.8369,
38.1608,
38.4870,
38.8155,
39.1463,
39.4795,
39.8151,
40.1530,
40.4933,
40.8361,
41.1813,
41.5289,
41.8790,
42.2316,
42.5866,
42.9442,
43.3043,
43.6669,
44.0321,
44.3998,
44.7702,
45.1431,
45.5187,
45.8969,
46.2778,
46.6613,
47.0475,
47.4365,
47.8281,
48.2225,
48.6197,
49.0196,
49.4224,
49.8279,
50.2363,
50.6475,
51.0616,
51.4786,
51.8985,
52.3213,
52.7470,
53.1757,
53.6074,
54.0421,
54.4798,
54.9205,
55.3643,
55.8112,
56.2611,
56.7142,
57.1704,
57.6298,
58.0923,
58.5581,
59.0270,
59.4992,
59.9747,
60.4534,
60.9354,
61.4208,
61.9094,
62.4015,
62.8969,
63.3958,
63.8980,
64.4037,
64.9129,
65.4256,
65.9418,
66.4615,
66.9848,
67.5117,
68.0422,
68.5763,
69.1140,
69.6555,
70.2006,
70.7495,
71.3021,
71.8585,
72.4187,
72.9827,
73.5505,
74.1222,
74.6978,
75.2773,
75.8608,
76.4482,
77.0396,
77.6351,
78.2346,
78.8381,
79.4458,
80.0576,
80.6735,
81.2936,
81.9179,
82.5464,
83.1792,
83.8163,
84.4577,
85.1034,
85.7535,
86.4079,
87.0668,
87.7302,
88.3980,
89.0703,
89.7472,
90.4286,
91.1147,
91.8053,
92.5006,
93.2006,
93.9053,
94.6147,
95.3289,
96.0480,
96.7718,
97.5005,
98.2341,
98.9726,
99.7161,
100.4646,
101.2181,
101.9767,
102.7403,
103.5091,
104.2830,
105.0621,
105.8464,
106.6359,
107.4308,
108.2309,
109.0364,
109.8473,
110.6637,
111.4854,
112.3127,
113.1455,
113.9838,
114.8278,
115.6773,
116.5326,
117.3935,
118.2602,
119.1326,
120.0109,
120.8950,
121.7850,
122.6809,
123.5828,
124.4907,
125.4047,
126.3247,
127.2508,
128.1831,
129.1215,
130.0662,
131.0172,
131.9745,
132.9381,
133.9082,
134.8847,
135.8676,
136.8571,
137.8531,
138.8557,
139.8650,
140.8810,
141.9037,
142.9331,
143.9694,
145.0125,
146.0625,
147.1195,
148.1835,
149.2545,
150.3326,
151.4178,
152.5101,
153.6097,
154.7166,
155.8307,
156.9523,
158.0812,
159.2175,
160.3614,
161.5128,
162.6718,
163.8384,
165.0128,
166.1948,
167.3847,
168.5824,
169.7880,
171.0015,
172.2230,
173.4526,
174.6902,
175.9360,
177.1900,
178.4522,
179.7227,
181.0016,
182.2889,
183.5846,
184.8889,
186.2017,
187.5232,
188.8533,
190.1921,
191.5398,
192.8963,
194.2617,
195.6360,
197.0194,
198.4119,
199.8134,
201.2242,
202.6442,
204.0735,
205.5122,
206.9603,
208.4179,
209.8851,
211.3618,
212.8482,
214.3444,
215.8503,
217.3661,
218.8919,
220.4276,
221.9733,
223.5292,
225.0952,
226.6715,
228.2581,
229.8550,
231.4624,
233.0803,
234.7088,
236.3479,
237.9977,
239.6583,
241.3297,
243.0120,
244.7054,
246.4097,
248.1252,
249.8519,
251.5899,
253.3392,
255.0999,
256.8721,
258.6559,
260.4512,
262.2583,
264.0772,
265.9079,
267.7506,
269.6052,
271.4720,
273.3509,
275.2420,
277.1455,
279.0614,
280.9897,
282.9306,
284.8841,
286.8504,
288.8294,
290.8213, 
292.8262,
294.8442,
296.8752,
298.9195,
300.9770,
303.0480,
305.1324,
307.2304,
309.3420,
311.4673,
313.6065,
315.7595,
317.9266,
320.1077,
322.3030,
324.5126,
326.7365,
328.9749,
331.2278,
333.4953,
335.7776,
338.0747,
340.3867,
342.7137,
345.0558,
347.4131,
349.7858,
352.1738,
354.5773,
356.9964,
359.4312,
361.8818,
364.3483,
366.8308,
369.3294,
371.8442,
374.3754,
376.9229,
379.4869,
382.0676,
384.6650,
387.2793,
389.9105,
392.5587,
395.2241,
397.9068,
400.6069,
403.3245,
406.0596,
408.8125,
411.5833,
414.3719,
417.1787,
420.0036,
422.8468,
425.7085,
428.5886,
431.4875,
434.4051,
437.3415,
440.2970,
443.2717,
446.2655,
449.2788,
452.3116,
455.3640,
458.4361,
461.5282,
464.6402,
467.7724,
470.9249,
474.0977,
477.2911,
480.5052,
483.7400,
486.9958,
490.2726,
493.5706,
496.8900,
500.2308,
503.5932,
506.9774,
510.3835,
513.8116,
517.2619,
520.7344,
524.2294,
527.7471,
531.2874,
534.8507,
538.4370,
542.0465,
545.6793,
549.3356,
553.0155,
556.7192,
560.4469,
564.1986,
567.9746,
571.7750,
575.6000,
579.4497,
583.3242,
587.2238,
591.1486,
595.0988,
599.0744,
603.0758,
607.1030,
611.1563,
615.2357,
619.3415,
623.4738,
627.6328,
631.8187,
636.0316,
640.2717,
644.5392,
648.8343,
653.1571,
657.5079,
661.8867,
666.2939,
670.7295,
675.1937,
679.6868,
684.2089,
688.7602,
693.3409,
697.9512,
702.5913,
707.2613,
711.9615,
716.6921,
721.4531,
726.2450,
731.0678,
735.9217,
740.8070,
745.7238,
750.6723,
755.6529,
760.6655,
765.7106,
770.7882,
775.8986,
781.0420,
786.2187,
791.4287,
796.6724,
801.9500,
807.2616,
812.6075,
817.9880,
823.4031,
828.8533,
834.3386,
839.8594,
845.4158,
851.0081,
856.6365,
862.3012,
868.0025,
873.7407,
879.5158,
885.3283,
891.1783,
897.0661,
902.9919,
908.9559,
914.9585,
920.9998,
927.0801,
933.1997,
939.3588,
945.5577,
951.7966,
958.0758,
964.3956,
970.7561,
977.1578,
983.6008,
990.0853,
996.6118,
1003.1800,
1009.7910,
1016.4450,
1023.1420,
1029.8820,
1036.6650,
1043.4930,
1050.3640,
1057.2800,
1064.2400,
1071.2460,
1078.2960,
1085.3920,
1092.5340,
1099.7220,
1106.9570,
1114.2380,
1121.5670,
1128.9420,
1136.3660,
1143.8370,
1151.3570,
1158.9250,
1166.5420,
1174.2080,
1181.9240,
1189.6890,
1197.5050,
1205.3710,
1213.2890,
1221.2570,
1229.2770,
1237.3480,
1245.4720,
1253.6480,
1261.8770,
1270.1600,
1278.4950,
1286.8850,
1295.3290,
1303.8270,
1312.3810,
1320.9900,
1329.6540,
1338.3740,
1347.1510,
1355.9840,
1364.8750,
1373.8230,
1382.8290,
1391.8930,
1401.0160,
1410.1970,
1419.4380,
1428.7390,
1438.1000,
1447.5220,
1457.0040,
1466.5480,
1476.1530,
1485.8210,
1495.5510,
1505.3440,
1515.2010,
1525.1210,
1535.1050,
1545.1540,
1555.2680,
1565.4470,
1575.6930,
1586.0040,
1596.3820,
1606.8280,
1617.3410,
1627.9220,
1638.5710,
1649.2900,
1660.0780,
1670.9350,
1681.8630,
1692.8620,
1703.9310,
1715.0730,
1726.2860,
1737.5730,
1748.9320,
1760.3650,
1771.8720,
1783.4530,
1795.1090,
1806.8410,
1818.6490,
1830.5330,
1842.4940,
1854.5330,
1866.6500,
1878.8450,
1891.1190,
1903.4730,
1915.9060,
1928.4200,
1941.0160,
1953.6930,
1966.4520,
1979.2940,
1992.2190,
2005.2270,
2018.3200,
2031.4980,
2044.7620,
2058.1110,
2071.5470,
2085.0700,
2098.6800,
2112.3790,
2126.1670,
2140.0440,
2154.0110,
2168.0690,
2182.2170,
2196.4580,
2210.7910,
2225.2170,
2239.7360,
2254.3500,
2269.0580,
2283.8620,
2298.7620,
2313.7590,
2328.8530,
2344.0450,
2359.3350,
2374.7250,
2390.2140,
2405.8040,
2421.4960,
2437.2890,
2453.1850,
2469.1840,
2485.2860,
2501.4940,
2517.8060,
2534.2250,
2550.7500,
2567.3820,
2584.1230,
2600.9720,
2617.9310,
2634.9990,
2652.1790,
2669.4710,
2686.8740,
2704.3910,
2722.0220,
2739.7670,
2757.6270,
2775.6040,
2793.6970,
2811.9080,
2830.2380,
2848.6870,
2867.2550,
2885.9440,
2904.7550,
2923.6880,
2942.7450,
2961.9250,
2981.2300,
3000.6600,
3020.2170,
3039.9020,
3059.7140,
3079.6550,
3099.7260,
3119.9270,
3140.2600,
3160.7260,
3181.3240,
3202.0570,
3222.9240,
3243.9280,
3265.0680,
3286.3460,
3307.7620,
3329.3180,
3351.0140,
3372.8520,
3394.8310,
3416.9540,
3439.2210,
3461.6330,
3484.1910,
3506.8970,
3529.7500,
3552.7520,
3575.9030,
3599.2060,
3622.6610,
3646.2680,
3670.0300,
3693.9460,
3718.0180,
3742.2480,
3766.6350,
3791.1810,
3815.8880,
3840.7550,
3865.7850,
3890.9780,
3916.3350,
3941.8580,
3967.5470,
3993.4040,